ARQUIVO DE REFERENCIA
Usuário: PAULO
Amostra: DETECTOR DE SILICIO
Area: 5.1070515574919 mm²
Tipo: Normalizada
Método para achar os pontos abaixo: Normalização da curva absoluta.
EixoY(0-1)	Comprimento de onda(nm)
0,0997703916266652 201,373482902577
0,107401521163887 203,862729634802
0,115212581273354 206,62513397642
0,120189179528707 209,710966380121
0,12718692383343 213,095156068858
0,134758076513237 215,001995975238
0,141785290928147 217,850375680819
0,15216862449708 222,124770326136
0,159580054295548 227,520821029376
0,171433406503753 231,288032898046
0,184191594758386 235,147127983026
0,192968504408735 240,292588096331
0,202378799291587 244,442822144935
0,214167520353618 248,627708432936
0,220837454638714 252,604939081742
0,220339794813179 257,290983113502
0,211517643360508 260,047479602773
0,206224870807425 263,003231839359
0,198510625193107 265,820632915545
0,189801578246239 269,143918017367
0,184695717698538 272,782231289392
0,180164556033261 275,536364637724
0,174570171464703 280,26178719076
0,171764834175095 284,764064789903
0,170573812259646 289,909524903208
0,176756858576903 295,42251788175
0,180420753473574 299,167022114312
0,179577622012964 302,114503357613
0,176500488363749 306,448503838834
0,172911305379584 311,961496817376
0,170950827278991 317,219258639504
0,171252439294468 322,98748277446
0,170573812259646 328,959891834547
0,171795340922323 333,645935866308
0,175022589487917 339,526461710086
0,178792739681366 345,192593382476
0,180753217781959 350,552447667169
0,184372561967671 355,973557429402
0,190706414292666 361,578433624253
0,199867879262748 366,861718562022
0,208049105182533 370,307339173611
0,212331995802293 375,728448935844
0,218303913708716 380,87390904915
0,225090184056925 386,386902027692
0,232328872428349 391,899895006234
0,238558185965953 395,435573747183
0,243817032215852 398,285101822079
0,248163503240837 402,206304547542
0,256759445681901 405,682377452588
0,269698601145819 409,725238970186
0,280013732075098 414,870699083491
0,291957567887945 419,464859898943
0,302855815380477 424,110066945677
0,314719221322531 427,274933285211
0,324938323461721 431,960977316971
0,334484862070055 436,371371699805
0,344679348193143 441,516831813111
0,357874873870216 447,029824791653
0,368424439593341 452,333992278583
0,378821828345021 457,045095369337
0,391489532995013 461,179840103243
0,399846927751109 466,116474724938
0,410951733775451 471,128286523612
0,419753320772523 476,223628518931
0,430200064217645 481,235440317606
0,441798417176402 486,539607804536
0,453787494791571 492,052600783078
0,463816094306147 497,56559376162
0,473422955317577 501,608455279217
0,481912815234705 506,753915392523
0,492620041784101 512,266908371065
0,501005201360014 516,600908852286
0,508645754870342 520,136587593236
0,517412203910544 524,740318152984
0,525767202284909 528,254588008837
0,534544111935259 533,400048122142
0,544421905442097 538,913041100684
0,554902922979887 544,426034079226
0,565082328502201 549,939027057768
0,573602867939396 555,45202003631
0,582500422395936 560,965013014852
0,592453618906643 566,478005993394
0,601131819170111 571,782173480324
0,609768890522377 576,793985278999
0,617939834214362 582,098152765929
0,627666821713462 587,611145744471
0,635809482267112 591,615810311262
0,643696809244648 597,235824930186
0,651569573939931 603,231292517006
0,660416859727226 608,744285495548
0,670194115895571 614,25727847409
0,677960625294078 619,770271452632
0,687084388762226 625,283264431174
0,694700092152993 630,796257409716
0,701938780524417 636,309250388258
0,709780692926792 641,8222433668
0,719356874418154 647,335236345342
0,727651204843742 652,848229323884
0,734965296219034 658,361222302425
0,741381406366432 664,083040772579
0,751352882393229 668,723607252833
0,759866384216728 674,348901940197
0,767086975867223 679,494362053503
0,774174858230908 685,007355032045
0,782921606679711 690,729173502198
0,790612713074349 696,033340989128
0,799661073538627 701,201771906511
0,809855905207395 707,648823194872
0,81769781760977 713,161816173414
0,824548719104153 717,823970998597
0,829973081093962 723,598305881838
0,834210211592878 727,932306363059
0,841901317987515 734,034795590261
0,84731577198383 740,137284817464
0,854780669366859 745,650277796006
0,861868551730543 751,163270774547
0,86737297101298 756,676263753089
0,871866990043572 761,821723866395
0,880314868404311 767,576954415206
0,886148318976358 773,215242688715
0,891728141262663 778,728235667257
0,898212799595397 784,241228645799
0,905149875951345 789,754221624341
0,9119207201531 795,267214602883
0,918647013643894 800,320791499879
0,923765846579064 805,583193888488
0,927393762092695 810,887361375418
0,932144151336443 816,40035435396
0,938100988642092 821,913347332502
0,943982422943873 827,551635606011
0,949139988408512 832,755566856967
0,952849816198868 838,268559835509
0,958057650332751 843,914273015387
0,962682367903383 849,478312225211
0,96894081722451 855,910137366844
0,972525887317553 861,297835050418
0,977708130128913 866,894358225605
0,980929894839678 872,449116302469
0,985001657048603 877,962109281011
0,989059709620463 883,516867357875
0,9913355093736 888,988095238095
0,994050017512883 894,501088216637
0,997729684101689 900,197847627797
0,999095163953571 905,735899665332
1 910,99830205394
0,996990734663773 916,553060130804
0,993673002493537 922,066053109346
0,991486315381337 927,119630006343
0,987504518458534 930,465622744274
0,982588760924797 934,929703392611
0,973050280935369 937,915907922654
0,965420076966935 942,457059190235
0,956061465845165 945,14422971761
0,948762800616327 949,24077750071
0,936872996864797 951,27178972186
0,927896448785156 953,765762735962
0,916837341551038 957,165441739396
0,904992215125072 960,865829450751
0,89270838031296 963,872916529956
0,878633152924082 967,446152719751
0,86820240405554 970,075033630815
0,854403654347514 973,061238160859
0,844337353331004 974,898902487039
0,832551345507761 977,39523864208
0,820412325749055 980,611151212896
0,806628311096122 982,157676575453
0,794232057260061 984,087224117943
0,783697180433792 985,793626706539
0,77232209870727 988,812646670979
0,762627426781258 990,387787521991
0,751877844441168 991,698041756895
0,739308509241888 992,816129667301
0,726934876306987 994,768648013868
0,715575952367009 996,819612663623
0,703778441045979 999,508115143163
0,691503177561789 1001,21569930222
0,680373521417885 1001,94354671128
0,671234331803284 1004,50078745324
0,661789087443027 1005,46623794212
0,65250081954909 1006,64523043944
0,643212551655153 1007,82422293676
0,634262589437058 1008,64539054278
0,624182857389034 1009,39687370124
0,613045488171903 1010,48842266006
0,601818153668652 1012,43975943615
0,590000162301759 1014,30659303735
0,578513475944972 1015,99575923617
0,571228475477139 1017,25616291532
0,559618140609718 1017,84565916398
0,550265638241944 1018,34417448651
0,537258620074543 1020,05175864558
0,520683668860433 1021,50875221471
0,503214163827694 1023,13759104928
0,488510578073241 1024,97525537546
0,471296072289952 1027,18045256687
0,456922105380982 1028,97873837178
0,44072906548517 1030,36295305903
0,425913517694668 1032,58114383659
0,409224319504998 1034,5311098716
0,392484852646083 1036,23094937331
0,377454520541531 1037,78785942744
0,363178218475668 1040,13598606645
0,349052722417544 1042,6932268084
0,337063644802375 1043,81131471881
0,322766716950293 1045,8482347923
0,307114089984134 1047,8851548658
0,294310141608658 1049,72281919198
0,281642436958669 1051,56048351816
0,270784404401533 1053,39814784434
0,257604304870914 1055,23581217052
0,240924814869413 1057,59379716516
0,229048841760048 1059,43146149134
0,215201618692393 1061,53164929269
0,204128148981347 1064,74026954476
0,192176772868112 1066,78211879607
0,181544949322584 1068,61978312225
0,172293519066379 1071,57553535883
0,163651816504472 1072,95378360347
0,151889293446592 1075,77118467965
0,141573816971633 1077,71622153684
0,127910792670572 1081,3915501892
0,114790669997368 1085,06687884156
0,102896188877962 1088,75056051359
0,0903600967438153 1092,41753614629
0,0798639986052521 1095,38076987225
0,0693075780635935 1099,86007666732
0,0602290563977673 1104,91365356431
0,0483592526250815 1109,71663987138
0,0414084666320674 1114,56139127676
0,034003546106452 1117,90738401469
0,0273835079124353 1121,91204858149
0,0204841330584228 1124,66854507076
0,0172657957569234 1129,51329647614
0,0137475573398281 1134,52510827482
0,0113980710922094 1139,82927576175
0,00928678698387769 1143,04518833256
