ARQUIVO DE REFERENCIA
AMOSTRA: IGA-010-E-LN6N (-30)
Usuário: Paulo Henrique Diniz
Tipo: Normalizada
EixoY(0-1)	Comprimento de onda(nm)

0.10453 801.710302
0.111499 805.309006
0.118455 808.876929
0.125515 812.179202
0.131766 815.026838
0.138262 817.763125
0.144758 820.612023
0.151296 823.798988
0.157573 826.646763
0.163839 829.381861
0.170047 832.11666
0.176255 834.85146
0.181697 837.24446
0.187292 839.638252
0.193327 842.37216
0.200215 845.22308
0.206741 848.5226
0.213449 851.815013
0.220568 855.399137
0.22701 858.199495
0.232163 861.379322
0.23819 864.33842
0.244009 867.521685
0.250267 870.453819
0.256378 873.779355
0.262853 877.078614
0.268982 880.038241
0.275161 883.223356
0.281753 886.07275
0.288191 888.808739
0.29371 891.202135
0.298904 892.966423
0.30483 895.313653
0.311136 897.880031
0.317881 899.724714
0.32405 901.399107
0.33139 903.341777
0.338068 905.097621
0.34462 906.217335
0.351596 907.987594
0.358507 909.509756
0.364713 911.433706
0.372178 912.958723
0.379731 914.889617
0.386826 916.412731
0.393721 917.957335
0.400953 919.265569
0.408312 920.960579
0.414728 921.894583
0.42144 923.348152
0.428125 925.116904
0.434708 926.429841
0.440853 927.434848
0.447557 928.753232
0.454776 930.209413
0.462365 932.034312
0.469953 933.058014
0.478245 934.992716
0.485225 936.447667
0.490868 937.828152
0.497087 939.211611
0.503422 940.595665
0.509664 942.04681
0.517279 944.045589
0.523979 945.729155
0.531096 947.792941
0.537693 949.78165
0.545315 951.663027
0.552584 953.731612
0.559279 956.046611
0.565849 958.8235
0.571217 960.878268
0.576688 963.379213
0.582618 965.570405
0.588391 967.723793
0.593986 970.117585
0.599044 972.492518
0.605272 974.189732
0.610339 977.031271
0.616621 980.216915
0.622062 983.132771
0.627694 985.914477
0.632779 989.792175
0.637522 992.897496
0.642692 996.198809
0.64758 1000.570276
0.652472 1004.204047
0.655943 1008.404843
0.659791 1012.012323
0.663996 1015.074649
0.666965 1018.8063
0.670684 1022.163748
0.673259 1024.735762
0.675305 1028.64694
0.676886 1032.70929
0.67876 1036.773146
0.68111 1040.83946
0.683615 1044.238911
0.686458 1049.16312
0.69038 1052.808519
0.694079 1057.123104
0.696925 1061.143713
0.700428 1065.409024
0.704186 1069.337803
0.70759 1073.650867
0.710854 1077.48057
0.713343 1081.378674
0.717244 1085.62191
0.720808 1089.694476
0.723434 1093.71395
0.726633 1098.17075
0.729549 1102.280205
0.732745 1105.972807
0.734891 1110.038064
0.737087 1114.103585
0.738925 1118.167257
0.740896 1122.231615
0.743228 1126.297837
0.745443 1130.363451
0.747245 1134.571731
0.750151 1138.49612
0.753078 1142.565409
0.756782 1146.686964
0.760933 1150.714295
0.763654 1154.927311
0.768332 1159.238904
0.772985 1162.939013
0.778258 1167.020395
0.783762 1171.102967
0.788608 1174.844294
0.793328 1178.440177
0.797889 1182.662681
0.802542 1186.740865
0.808368 1190.689955
0.813284 1194.188711
0.817361 1197.660621
0.821627 1201.744861
0.825093 1205.101006
0.828444 1209.172475
0.831871 1213.244341
0.835145 1217.315414
0.838418 1221.386487
0.841692 1225.45756
0.84447 1229.574346
0.8477 1233.59693
0.851128 1237.668796
0.854478 1241.740265
0.85729 1245.808959
0.860341 1249.725317
0.864068 1253.952294
0.867187 1258.022574
0.870899 1262.337224
0.874504 1266.168685
0.87847 1270.243326
0.882051 1274.315985
0.885478 1278.387851
0.888906 1282.459717
0.892102 1286.530394
0.89476 1290.598294
0.897726 1294.667781
0.899028 1298.998971
0.90155 1302.554568
0.903316 1306.859191
0.904743 1310.920748
0.905709 1314.979925
0.906675 1319.039102
0.907563 1323.097883
0.908221 1327.155474
0.908495 1331.211083
0.908999 1335.267881
0.909426 1339.324282
0.909854 1343.380684
0.909894 1347.772938
0.910523 1351.027898
0.911289 1355.550682
0.911871 1359.607877
0.912298 1363.664278
0.912879 1367.721473
0.913229 1371.777478
0.913657 1375.83388
0.913238 1379.88592
0.913665 1383.942321
0.914015 1387.998326
0.914366 1392.054331
0.915101 1396.112319
0.915451 1400.130787
0.916565 1404.903965
0.917377 1408.962349
0.917453 1413.17051
0.918385 1417.075945
0.919351 1421.135123
0.920702 1425.196283
0.921513 1429.254667
0.922518 1433.314042
0.923176 1437.371634
0.924029 1441.092381
0.924869 1445.730081
0.926688 1449.552338
0.926669 1453.876715
0.926965 1457.662161
0.926723 1461.715113
0.92664 1465.431036
0.92625 1469.579751
0.926675 1473.877464
0.926641 1477.931486
0.926607 1481.985509
0.926691 1485.702291
0.928145 1490.343158
0.928312 1494.156895
0.929505 1497.975922
0.932128 1502.284964
0.934199 1506.011989
0.937733 1510.422252
0.941232 1514.735811
0.944112 1518.833814
0.94813 1522.638445
0.951346 1526.70922
0.955377 1530.671581
0.959723 1534.812535
0.962477 1538.591345
0.96573 1542.746777
0.968108 1547.404469
0.971405 1551.700897
0.974747 1555.117099
0.978457 1559.282562
0.982615 1563.358194
0.986927 1567.43462
0.990816 1571.508865
0.994551 1575.582317
0.995863 1579.643279
0.997483 1583.705827
0.997845 1587.608324
0.997543 1592.084814
0.995567 1594.901306
0.992651 1596.18137
0.987475 1598.181788
0.982048 1598.660586
0.976386 1599.47603
0.970614 1599.784126
0.965027 1600.093174
0.959614 1600.974255
0.953872 1601.918715
0.947551 1603.204631
0.94262 1603.913846
0.936745 1604.599488
0.930089 1605.223764
0.923624 1605.555636
0.91648 1606.149465
0.909117 1607.102541
0.900943 1607.702317
0.894924 1608.06545
0.888302 1608.70702
0.882607 1609.087904
0.876602 1609.603949
0.870599 1609.870635
0.862749 1611.052867
0.855961 1611.828715
0.848699 1612.500767
0.836294 1612.9436
0.84278 1612.977033
0.829948 1613.755515
0.822907 1614.057069
0.816438 1614.868349
0.808882 1615.950744
0.793228 1616.775809
0.801404 1616.817954
0.785427 1616.870736
0.77871 1616.998601
0.773334 1617.686815
0.766399 1618.124057
0.760675 1618.257037
0.753283 1619.047474
0.745894 1619.504899
0.73841 1620.277162
0.726228 1620.822496
0.731597 1620.850173
0.720837 1621.47041
0.713209 1621.994174
0.707251 1622.41393
0.700487 1622.514204
0.693099 1623.209735
0.685611 1624.059201
0.677427 1624.118372
0.669136 1624.785121
0.661511 1625.17858
0.654635 1625.746444
0.64635 1626.492055
0.638441 1626.676522
0.631267 1627.292715
0.622968 1627.948163
0.615656 1628.36094
0.608728 1629.000924
0.602053 1629.457203
0.596474 1629.72608
0.590164 1630.053923
0.584097 1630.563213
0.578133 1630.870318
0.572245 1631.17782
0.565224 1631.817327
0.559156 1632.461752
0.545939 1632.934182
0.552788 1633.144845
0.537974 1633.839105
0.530216 1634.339672
0.524097 1634.645983
0.518671 1634.955864
0.511744 1635.42693
0.505739 1635.902754
0.498422 1636.608306
0.491424 1636.673589
0.482647 1637.472974
0.475602 1638.281281
0.46879 1638.752941
0.46063 1639.386581
0.453103 1640.023483
0.445904 1640.662073
0.43923 1640.965524
0.432648 1641.607292
0.426184 1641.742902
0.420908 1642.560328
0.414292 1642.661364
0.407306 1643.503763
0.39847 1644.431548
0.390115 1645.104402
0.382416 1645.909338
0.374769 1647.148928
0.367628 1647.980873
0.361163 1648.293442
0.353407 1648.563961
0.347003 1648.896153
0.341119 1649.716883
0.333771 1650.275873
0.327037 1651.198408
0.320739 1652.597788
0.314965 1653.123058
0.308809 1653.429172
0.30277 1654.249109
0.296832 1655.096909
0.290826 1655.741651
0.284936 1656.386988
0.279267 1657.033469
0.273103 1658.353093
0.265989 1658.992125
0.259892 1659.568824
0.253048 1661.020088
0.247158 1661.597858
0.240297 1662.440899
0.233179 1663.552901
0.225206 1664.863202
0.218578 1665.437165
0.21242 1666.108471
0.205581 1667.411355
0.199024 1668.710044
0.192605 1669.357481
0.185697 1670.234068
0.179663 1671.453011
0.17179 1672.69626
0.163524 1674.246371
0.155765 1675.541689
0.148658 1676.563648
0.141513 1677.945791
0.133882 1679.708323
0.126642 1680.797168
0.120517 1681.891762
0.11339 1683.206424
0.10625 1685.129151
0.099592 1686.513799
0.093811 1687.835401
0.088772 1688.822974
0.083057 1690.482768
0.076004 1692.135663
0.069064 1694.126987
0.063517 1695.111943
0.057091 1697.612697
0.051648 1699.555428
0.044696 1701.096226
0.037359 1704.436909
0.030823 1706.430315
0.02547 1709.443373
0.021363 1712.993758
0.018806 1715.192691
0.017008 1718.521703
0.014935 1722.311827
0.013555 1726.612301
0.012668 1731.377853
0.012252 1736.943793
0.010703 1741.511264
0.010324 1746.142677
0.010075 1749.981087
0.008496 1754.28992
0.007392 1758.338426
0.007327 1762.39229
0.007093 1766.445281
0.007197 1770.500017
0.006427 1774.296863
0.006961 1778.607201
0.007584 1782.749073
0.009354 1786.727935
0.009243 1790.781561
0.009363 1794.836377
0.007665 1798.543973
