ARQUIVO DE REFERENCIA
AMOSTRA: IGA-010-E-LN6N (-196)
Usuário: Paulo Henrique Diniz
Área: 0.7853981634 mm²
Temperatura: 77K
Responsividade máxima = 0,9407324666 em ~1481 nm
Tipo: Absoluta
Responsividade(A/W)	Comprimento de onda(nm)
0,206164732094159 800,544929
0,209673778596028 804,665476
0,215305853232258 807,619325
0,221368933580173 811,164216
0,227948020766208 814,283825
0,233306091771343 817,46471
0,239589175034736 820,42513
0,24535725147326 823,758279
0,251698335505279 827,131926
0,258532426070618 830,433036
0,264258501952552 833,277969
0,269677573766068 835,960437
0,275005644373638 838,232191
0,28074972049411 841,358753
0,287417808859589 844,208544
0,293337887312444 846,941857
0,299834973411801 849,678143
0,305351046510779 851,886517
0,311407126765928 854,805546
0,318541221306919 857,207269
0,324711303072817 859,314434
0,331290390258852 862,002883
0,337636474357132 864,400542
0,344924570938957 866,803058
0,35144265731661 869,201608
0,357271734563517 871,258755
0,363978823445831 873,320422
0,369930902322755 875,378204
0,376910994822911 877,779133
0,383076076522548 880,17586
0,388811152523751 881,942935
0,394283225039633 883,949979
0,400049301451653 886,368787
0,406104381693551 888,03912
0,41124344979646 889,780848
0,417407531482844 892,177575
0,424902630807869 894,87074
0,431148713580931 897,026564
0,436730787554552 899,625414
0,444204886601281 902,153572
0,45272899956279 904,606699
0,459825093600198 906,923764
0,465993175339591 909,27224
0,471991254826115 911,040675
0,477543328402171 913,096394
0,484537421087858 915,25607
0,491702516039666 917,802749
0,498228602523336 919,689732
0,504723688596189 921,924067
0,511607779824137 924,083176
0,517667860132296 926,141512
0,523419936358786 928,198263
0,529710019714944 930,354313
0,536207105814301 932,994075
0,54403120949929 935,737202
0,550784298991204 938,069395
0,556906380120997 939,857769
0,563375465849294 942,931764
0,568703536456863 945,155251
0,575022620197334 948,397398
0,581079700465736 950,79357
0,586230768727671 953,45132
0,591395837175136 956,03918
0,596733907915227 958,798375
0,602531984751317 962,575328
0,60810605861892 966,136126
0,613475129769828 969,880149
0,61833919422839 973,283719
0,623323260277212 977,02576
0,628135324046661 981,104763
0,632405380633433 985,518826
0,637245444773942 989,413689
0,641355499240367 993,605787
0,645877559166686 997,413016
0,650795624340865 1001,735496
0,654854678131429 1005,414117
0,658814730610027 1009,952799
0,6625327798816 1013,909451
0,666056826582252 1017,981814
0,668933864708749 1022,235126
0,671625900383595 1025,519709
0,674291935713884 1029,317371
0,677004971667025 1033,385555
0,679009998237628 1037,480801
0,681900036536404 1041,350258
0,685364082441926 1045,591239
0,687790114591693 1049,770562
0,691142159012972 1053,72942
0,694569204428163 1057,801286
0,697689245774938 1061,871566
0,701270293230964 1065,944225
0,704466335584904 1070,014901
0,708048383054181 1074,08756
0,711475428469373 1078,159426
0,714672470836565 1082,230102
0,718176517272173 1086,302365
0,721296558618948 1090,372645
0,724338598932053 1094,442528
0,727381639258411 1098,512411
0,730537681082264 1102,245026
0,732395705704798 1105,970956
0,734746736860653 1110,037271
0,736635761894005 1114,101206
0,738985793036608 1118,167521
0,740797817049542 1122,23106
0,742994846164563 1126,296582
0,745190875266331 1130,362103
0,747387904381352 1134,427625
0,750276942666875 1138,496715
0,752780975850312 1142,563823
0,756285022285921 1146,636085
0,760196074115163 1150,372594
0,763986124340893 1154,784179
0,768260180980673 1158,860406
0,77284124168887 1162,93822
0,778191312587987 1167,019999
0,783849387568773 1171,103364
0,789123457460725 1175,184746
0,793550516128088 1179,261767
0,798383580175832 1182,74562
0,802807638803438 1185,661059
0,807696703593304 1189,47018
0,812508767362753 1193,549183
0,816395818873943 1197,864739
0,820839877766593 1200,937837
0,825026933253435 1205,100609
0,828531979702295 1209,172872
0,831728022056235 1213,243548
0,835156067484679 1217,315414
0,838275108818201 1221,385694
0,841933157294644 1225,458749
0,844592192532168 1229,52665
0,84771123386569 1233,59693
0,851062278273717 1237,668399
0,854335321648074 1241,739472
0,857378361974431 1245,809355
0,860267400259954 1249,830183
0,864002449756815 1253,951898
0,867122491103589 1258,022177
0,87085754060045 1262,095629
0,874515589076892 1266,168685
0,878404640614587 1270,24293
0,88206268909103 1274,315985
0,885489734506221 1278,387851
0,88899378094183 1282,460114
0,891882819227353 1286,529204
0,894771857512876 1290,598294
0,897583894777982 1294,666988
0,899315917730743 1299,067966
0,902053954015188 1302,798428
0,903096967837203 1306,858002
0,904677988788886 1310,920351
0,905644001590484 1314,979528
0,906610014392081 1319,038706
0,907498026160009 1323,097486
0,908310036920773 1327,155871
0,90850703953145 1331,211083
0,90885704416971 1335,267088
0,909208048821222 1339,323093
0,909866057541151 1343,380684
0,91008206040362 1347,67732
0,910448065253915 1351,25076
0,9112240755376 1355,550285
0,911959085277946 1359,608273
0,912464091970293 1363,665071
0,912814096608552 1367,721076
0,912934098198813 1371,775892
0,913669107939159 1375,83388
0,913634107475333 1379,887902
0,913677108045176 1383,942321
0,914027112683436 1387,998326
0,914301116314531 1392,053935
0,915344130136546 1396,113509
0,914900124252582 1400,052805
0,916506145535569 1404,227898
0,91739515731675 1408,286679
0,918283169084678 1412,345459
0,918866176810694 1416,233737
0,919602186564292 1420,122807
0,921366209941122 1424,765265
0,921489211571139 1428,609492
0,922879229991658 1432,977991
0,924032245271411 1436,941607
0,924661253607027 1440,516407
0,925317262300451 1444,815309
0,925696267323024 1449,141741
0,925941270569806 1452,926923
0,927638293058741 1456,989867
0,931543344808471 1461,015935
0,935003390660984 1464,985634
0,937343421671065 1469,202491
0,939001443643165 1473,265237
0,939890455424345 1477,324017
0,940732466582673 1481,481374
0,939667452469111 1485,431269
0,937633425514194 1489,474982
0,933599372054935 1493,508386
0,928868309358912 1496,454585
0,924577252493845 1498,276244
0,918857176691424 1499,21607
0,912313089969215 1499,817815
0,905926005327596 1500,122739
0,901585947813172 1500,269293
0,894439853113155 1500,570311
0,888374772738736 1501,423894
0,882440694100351 1502,704482
0,874091583457972 1503,843923
0,866426481880078 1504,142265
0,859958396165034 1504,953545
0,854457323264839 1505,378015
0,848582245408332 1505,90846
0,842178160541426 1506,044372
0,835862076840712 1506,714008
0,829437991708763 1507,188523
0,823059907186413 1507,691385
0,8163068176945 1508,377322
0,8093067249293 1508,746657
0,802587635887961 1509,612959
0,790840480214703 1510,061555
0,796709557991697 1510,091803
0,784583397295867 1510,308471
0,777931309142423 1511,017449
0,771170219544492 1511,388019
0,76486913604256 1511,896104
0,759195060849739 1512,317321
0,75289997742732 1512,645244
0,747263902738083 1513,156755
0,741791830222201 1513,466397
0,735071741167609 1513,90475
0,728235650575765 1514,54521
0,723322585467847 1515,100669
0,713204451382377 1515,346141
0,719089529371406 1515,376475
0,708101383756546 1515,657687
0,702236306032561 1515,965307
0,695543217335778 1516,099728
0,688246120634683 1516,52867
0,680994024529937 1517,207209
0,675144947017986 1517,514908
0,668614860481307 1518,269565
0,656519700196294 1518,432456
0,662058773600071 1518,461005
0,651090628250255 1519,080172
0,644567541806341 1519,231555
0,636895440135682 1519,344849
0,630242351968986 1520,081174
0,623036256473839 1520,75995
0,616016163443596 1521,264324
0,608554064555893 1522,070489
0,602126979384187 1522,168745
0,59438187674612 1522,774488
0,587299782894242 1523,481257
0,580008686272661 1523,612596
0,574562614101335 1523,981096
0,562539454770479 1524,367174
0,567923526120169 1524,39493
0,556379373137103 1525,011123
0,549941287819623 1525,113076
0,543758205881447 1525,621764
0,531602044788052 1525,784337
0,537370121226577 1525,926688
0,525191959841633 1526,026405
0,519040878327527 1526,805539
0,512883796733908 1527,320796
0,505614700403874 1527,934893
0,492362524786099 1528,568847
0,49837760449791 1528,57329
0,486488446942844 1529,254489
0,480644369497154 1529,35064
0,474449287399953 1529,656555
0,468638210391585 1529,964453
0,462327126757131 1530,269773
0,456324047204346 1530,57668
0,449953962788014 1530,678982
0,443853881949769 1531,525949
0,43805180506067 1531,969032
0,431847722844199 1532,139763
0,425614640243415 1532,276562
0,418846550552719 1533,086296
0,411989459682579 1533,388801
0,405744376922769 1533,734682
0,39915428959096 1534,151179
0,392038195288508 1534,704931
0,385205104736421 1534,939988
0,379894034354139 1535,250464
0,372474936036279 1535,955492
0,366115851765721 1536,192992
0,35962176570612 1536,29466
0,35322468093198 1536,802245
0,346760595269944 1537,106773
0,339725502040918 1537,678645
0,332116401205146 1538,38269
0,32499830687619 1539,089271
0,318294218033633 1539,324992
0,310365112957166 1540,365241
0,304032029031165 1540,980947
0,297794946377372 1541,6245
0,284975776497786 1542,193901
0,291073857309528 1542,197987
0,279018697554601 1542,503513
0,272871616093504 1542,9949
0,265469518000931 1543,444752
0,258918431185956 1543,883977
0,252651348134598 1544,527371
0,244819244343592 1545,027561
0,236830138471995 1545,999928
0,23085005922401 1546,306954
0,22597299459317 1547,536687
0,220144917359515 1548,182347
0,208652765065561 1548,557483
0,213908834718974 1548,825899
0,20184067479177 1549,350913
0,195763594258324 1550,180299
0,189519511511766 1551,077199
0,183083426220791 1552,03192
0,177339350100318 1553,463826
0,170871264385274 1554,106189
0,164984186369741 1554,41369
0,159506113774346 1555,399003
0,152335018743025 1556,30802
0,145649930152259 1557,933855
0,139010842171093 1558,963963
0,132428754945301 1560,665029
0,12547866284271 1561,980604
0,119405582362273 1563,300699
0,113542504664792 1565,184963
0,107180420354478 1566,994258
0,100722334771955 1568,513467
0,0937432422850508 1570,330843
0,0880891673572737 1571,786626
0,0819150855383675 1573,878428
0,0750489945489588 1575,910358
0,0695079211186771 1577,9089
0,0640298485232822 1579,907758
0,0580667695005841 1582,241973
0,0520526898020254 1584,865507
0,0466616183595694 1586,91308
0,0414015486531479 1588,961334
0,0358414749710749 1591,538942
0,0305484048273317 1593,635287
0,0254473372280055 1596,408323
0,0206442735778263 1599,211852
0,0151382006113706 1602,96739
0,0101041338999398 1606,995639
0,00575907631925506 1610,62202
0,00478806345139663 1614,400937
0,00475406300082281 1618,454959
0,00489906492238766 1622,509907
0,00724609602523392 1626,576203
0,00860811407469136 1630,589157
0,010870144051103 1634,703281
0,0121631611861607 1638,493394
0,014032185954469 1642,827979
0,0144021908577724 1647,125409
0,014458191599894 1650,668294
0,0140701864580515 1655,232094
0,0131641744515842 1659,040303
0,0129501716156195 1662,948604
0,0129031709927675 1667,147356
0,0119571584562134 1671,148415
0,0119891588802828 1675,25104
0,0113391502663714 1679,30189
0,0111511477749632 1683,355119
0,0108091432427206 1687,407556
0,010467138710478 1691,459992
0,0104331382599041 1695,514015
0,0103941377430695 1699,68063
0,00998013225667051 1703,620077
0,00994513179284451 1707,6741
0,00983413032185349 1711,727726
0,00980012987127966 1715,781748
0,00976612942070583 1719,835771
0,00997213215065314 1724,035826
0,00932712360300259 1728,144616
0,00953112630644555 1731,997158
0,0102231354769482 1735,910133
0,0102101353046699 1740,109055
0,00948312567034133 1744,159509
0,0103311369081827 1748,555927
0,0098231301760796 1752,028339
0,00991913144828805 1756,324352
0,00965412793646263 1760,377185
0,00962012748588881 1764,431208
0,00943112498122841 1768,484437
0,00907612027670757 1772,354914
0,00990113120974897 1776,595258
0,00986713075917514 1780,64928
0,00984813050738389 1784,703382
0,00999913250846177 1788,758356
0,00951912614741949 1792,742512
0,00903811977312505 1796,861802

