ARQUIVO DE REFERENCIA
AMOSTRA: Si Photodiode S-series 
Usuário: Paulo Henrique Diniz
Área: 0.7853981634 mm²
Responsividade máxima: 0.58127*10^9 (V/W) V/W @ ~889nm
Tipo: Absoluta
Responsividade (V/W)	Comprimento de onda(nm)
10620000 204,751353
11818000 212,665313
13115000 220,579274
14413000 228,493235
15910000 236,407195
18005000 244,321156
21139000 251,575619
24991000 260,149077
29482000 268,063037
34572000 275,976998
39662000 283,890958
44951000 291,804919
49118000 299,718879
52287000 303,83306
56528000 310,270827
61318000 318,184787
66208000 326,098748
70999000 334,012708
75789000 341,926669
79200000 349,023932
81541000 354,457106
83973000 361,71157
85669000 369,625531
87565000 377,539491
90160000 385,453452
94851000 393,367412
100090000 400,134928
105297000 404,990926
111617000 409,195333
118303000 413,81181
125090000 417,768791
131477000, 421,725771
138463000 425,682751
145449000 429,639731
152634000 433,596712
159820000 437,553692
166207000 441,510672
174134000 446,032581
182424000 451,403123
188712000 456,334
195568000 460,504178
202237000 465,59765
208622000 471,188024
216226000 477,123495
224041000 483,058965
231376000 488,334939
238462000 492,951416
246089000 497,850357
254729000 502,34157
262379000 505,902852
271253000 510,475185
280477000 514,714807
289399000 518,539888
298215000 521,969271
306524000 525,266755
313111000 527,904741
320496000 530,762561
328594000 533,77758
334668000 536,478199
343216000 540,372547
351674000 544,919757
359618000 550,547462
368440000 555,497005
374787000 562,19857
380376000 570,112531
385931000 578,026491
390056000 585,940452
394833000 593,854413
400406000 600,322875
404873000 605,08167
409817000 609,682334
416104000 616,607049
422092000 621,223526
428080000 628,148242
433953000 633,612111
438886000 638,573685
442691000 643,466425
442691000 643,466425
448296000 648,780536
454227000 655,187607
459367000 661,123077
465205000 667,718044
471193000 675,236307
475385000 681,567475
480624000 688,162442
486562000 696,076403
492464000 702,67137
499044000 709,423537
505396000 716,520801
511512000 724,434761
516701000 731,689225
522756000 738,943689
527480000 745,868405
533268000 754,77161
533967000 762,685571
535963000 770,599531
536561000 778,513492
537659000 786,427452
538957000 794,341413
541052000 802,255373
543647000 810,169334
546741000 818,083294
550034000 825,997255
553527000 833,911215
556821000 841,825176
559301000 849,644923
564126000 858,048795
569096000 865,567058
574186000 873,481018
578577000 881,394979
581271000 889,308939
581072000 897,882396
577060000 902,894571
574186000 909,753337
567719000 916,348304
560713000 922,283775
553228000 927,559748
545743000 932,835722
538408000 938,111696
531272000 942,728173
524999000 947,627114
518326000 952,177858
511162000 956,577604
505101000 961,036881
499479000 965,622662
493276000 969,635639
485414000 975,043512
477979000 979,659989
470993000 983,616969
463289000 986,782553
455425000 990,651601
448079000 993,37752
441082000 997,120772
433020000 998,785393
425274000 1001,555279
418220000 1003,629764
411525000 1004,984662
405614000 1006,896552
397153000 1008,363444
388859000 1009,996837
380761000 1012,634824
367961000 1015,009012
359418000 1016,591805
351584000 1017,910798
343650000 1019,669456
335716000 1021,53803
326883000 1022,857023
318900000 1024,505765
310417000 1025,824758
299563000 1028,792494
290756000 1029,781739
282972000 1031,100732
276585000 1032,419726
268651000 1033,738719
259100000 1036,112907
250038000 1037,695699
242154000 1039,014693
233352000 1041,388881
224490000 1042,971673
216556000 1044,290666
209377000 1046,614253
201077000 1048,247647
190957000 1050,885633
183053000 1052,204627
176466000 1055,446114
167454000 1057,952201
161417000 1059,239259
151736000 1061,437581
142754000 1064,075568
134221000 1066,713555
125239000 1069,351541
116707000 1071,989528
108024000 1074,627515
99461000 1077,793099
91956000 1079,903489
83773000 1082,541476
75989000 1085,179462
68504000 1087,817449
59821000 1090,455436
50839000 1093,093423
42097000 1096,259007
33025000 1099,028893