ARQUIVO DE REFERENCIA
Usuário: LEONARDO
Amostra: DETECTOR DE SILICIO
Comentário: 4 A e 23.8 V
Area: 0.785
320 Hz
Com filtros
Todas Grades
Parâmetros: vmode 1 sen 27 acgain 0 tc 10
Tipo: Normalizada
EixoY(0-1)	Comprimento de onda(nm)

0,0182422457089243 203,177516
0,0182422457089243 205,285245
0,0198996909321707 208,448285
0,0215588608642861 213,719053
0,0232180307964016 218,989822
0,0232180307964016 221,09755
0,0248754760196479 227,422183
0,0265346459517633 232,692951
0,0298512611071251 242,180624
0,0331678762624869 247,45284
0,0348253214857332 250,61588
0,0364844914178487 252,725056
0,0398011065732104 255,889544
0,0414585517964568 257,99872
0,0480935068160495 265,381559
0,054726737126773 271,710535
0,0580433522821348 274,875023
0,0630174126607429 279,094822
0,0679931977482201 283,314622
0,0713098129035819 286,479109
0,0779430432143054 292,808085
0,0812596583696672 294,918708
0,0878946133892599 301,247684
0,092868673767868 306,521348
0,0961852889232298 309,685835
0,101161074010707 313,905635
0,106135134389315 319,179298
0,111110919476792 323,399098
0,11608670456427 327,618897
0,119403319719631 331,837249
0,126036550030355 337,112361
0,127693995253601 339,221537
0,129353165185717 340,276848
0,131012335117832 341,33216
0,132669780341078 343,441336
0,137645565428556 349,768864
0,140962180583917 352,933352
0,142619625807164 356,096392
0,145936240962526 360,314744
0,147595410894641 365,585512
0,149252856117887 371,910145
0,152571195982118 378,236225
0,154228641205365 380,345401
0,157545256360726 386,671481
0,159204426292842 388,780657
0,160861871516088 390,889833
0,16417848667145 393,000457
0,169154271758927 398,27412
0,172470886914289 400,384744
0,175787502069651 402,495368
0,177446672001766 403,550679
0,180763287157128 404,607439
0,18407990231249 406,718062
0,187396517467851 407,774822
0,190713132623213 408,831581
0,19237057784646 409,886893
0,19568891771069 410,943652
0,197346362933937 411,998964
0,202322148021414 413,057171
0,20397959324466 414,112483
0,210612823555384 416,226002
0,218905223798223 419,394832
0,2238810088857 420,453039
0,228855069264308 422,565111
0,23217168441967 423,62187
0,235488299575032 424,678629
0,240464084662509 426,790701
0,243780699817871 427,84746
0,250413930128594 429,960979
0,253730545283956 431,017738
0,257047160439318 432,074498
0,266998730614272 435,244776
0,273631960924996 437,358295
0,280265191235719 439,471813
0,283581806391081 440,528573
0,288557591478559 442,640644
0,293531651857167 443,698851
0,303483222032121 446,869129
0,305140667255367 447,924441
0,315090512721453 452,148583
0,32006629780893 454,260654
0,323382912964292 455,317414
0,334991928362492 459,543004
0,341625158673216 462,710387
0,34825838898394 465,87777
0,354891619294663 469,045153
0,361524849605387 472,212536
0,369817249848226 476,43523
0,374793034935703 478,547302
0,381426265246426 481,714685
0,389718665489265 484,883515
0,399668510955351 489,107658
0,406301741266074 492,275041
0,409618356421436 493,3318
0,41625158673216 495,445319
0,419568201887521 496,502078
0,422884817042883 497,558838
0,426201432198245 499,669461
0,432836387217838 501,78298
0,4361530023732 502,839739
0,439469617528561 503,896499
0,444443677907169 504,954706
0,447760293062531 506,011465
0,452736078150008 508,123536
0,462685923616094 510,23995
0,464345093548209 510,241398
0,469319153926817 511,299605
0,472635769082179 512,356364
0,477611554169656 513,414571
0,480928169325018 514,471331
0,490878014791103 516,587745
0,492537184723219 517,643057
0,497512969810696 518,701264
0,502487030189304 519,759471
0,514096045587505 521,877332
0,520729275898228 523,990851
0,529021676141067 526,105817
0,533995736519675 527,164025
0,54394730669463 529,280439
0,555554597383962 532,452164
0,563846997626801 534,567131
0,573796843092886 536,683545
0,577113458248248 537,740304
0,588722473646449 540,91203
0,595355703957172 541,971685
0,601988934267896 544,085203
0,610281334510735 547,254034
0,61194050444285 548,309346
0,621890349908935 551,479624
0,628523580219659 554,647007
0,636815980462498 557,815838
0,64013259561786 559,926461
0,646765825928583 563,093844
0,650082441083945 566,258332
0,655058226171422 570,478131
0,656715671394669 572,587307
0,66003228655003 574,697931
0,665008071637508 579,971595
0,669983856724985 585,245258
0,674957917103593 590,518922
0,681591147414317 594,740169
0,684907762569678 596,850793
0,689883547657156 600,016728
0,691542717589271 602,125904
0,694859332744633 604,236528
0,701492563055356 607,40391
0,70812579336608 611,625158
0,716418193608919 615,847852
0,723051423919642 619,015235
0,729684654230366 623,236482
0,73631788454109 626,403865
0,744610284783928 631,680424
0,752900960317898 635,903119
0,759535915337491 640,124366
0,767826590871461 644,347061
0,774459821182185 648,568308
0,779435606269662 651,734244
0,787728006512501 657,010802
0,794361236823224 661,23205
0,800994467133948 665,453297
0,809286867376787 671,78372
0,814260927755395 676,003519
0,822553327998234 681,280078
0,829186558308958 686,55519
0,832503173464319 689,719677
0,837478958551796 692,885613
0,84411218886252 697,10686
0,852404589105359 703,437283
0,860695264639329 709,767706
0,862354434571444 711,876882
0,868987664882168 716,098129
0,877280065125007 721,374688
0,885572465367846 725,597383
0,89220569567857 730,872494
0,900496371212539 737,202917
0,905472156300017 741,422717
0,910447941387494 744,588652
0,913764556542856 749,860868
0,917081171698217 755,133084
0,918738616921464 755,134532
0,920397786853579 761,459164
0,922055232076825 764,622204
0,922055232076825 769,891525
0,923714402008941 777,270022
0,925371847232187 783,594655
0,927031017164303 790,973152
0,930347632319665 797,299232
0,93200680225178 802,57
0,935323417407142 808,896081
0,94029747778575 816,277473
0,941956647717865 819,440513
0,943614092941112 822,603553
0,948589878028589 828,931081
0,951906493183951 834,203297
0,956882278271428 839,47696
0,96019889342679 844,749176
0,963515508582151 850,021393
0,96848956896076 856,34892
0,973465354048237 859,514856
0,976781969203599 862,679343
0,981757754291076 866,899143
0,988390984601799 873,228118
0,993366769689276 878,501782
0,998340830067885 884,82931
1 889,046214
1 894,315535
0,998340830067885 899,583408
0,993366769689276 904,848386
0,988390984601799 909,0595
0,985074369446438 911,164333
0,976781969203599 916,426416
0,96848956896076 920,634635
0,958539723494674 924,841406
0,948589878028589 929,048177
0,94029747778575 932,202531
0,936980862630388 934,307364
0,925371847232187 938,512688
0,913764556542856 942,718011
0,910447941387494 944,822844
0,902155541144655 947,977198
0,895522310833931 950,079136
0,890546525746454 953,236386
0,882254125503615 956,39074
0,878937510348253 958,495574
0,873963449969645 960,598959
0,865671049726806 963,753313
0,857378649483967 966,907668
0,847428804017882 971,114439
0,837478958551796 975,32121
0,827529113085711 978,474117
0,817577542910757 982,680888
0,809286867376787 984,781378
0,797677851978586 987,932837
0,786068836580385 991,084296
0,7761189911143 993,183339
0,766169145648215 995,282382
0,757876745405376 997,382872
0,751243515094652 998,430946
0,744610284783928 999,479019
0,733001269385728 1001,576614
0,721392253987527 1003,674209
0,714759023676803 1004,722283
0,706466623433964 1005,768909
0,70812579336608 1005,770357
0,701492563055356 1006,81843
0,693200162812517 1007,865056
0,686566932501794 1008,91313
0,67993370219107 1009,961204
0,671641301948231 1011,00783
0,661691456482146 1012,053008
0,650082441083945 1013,096739
0,641790040841106 1014,143365
0,635156810530383 1015,191439
0,626866134996413 1016,238065
0,618573734753574 1017,284691
0,610281334510735 1018,331317
0,600331489044649 1019,376496
0,595355703957172 1020,426017
0,585405858491087 1021,471196
0,57213939786964 1022,513479
0,577113458248248 1022,517822
0,562189552403554 1023,558657
0,5522379822286 1024,603836
0,54394730669463 1025,650462
0,533995736519675 1026,69564
0,525705060985706 1027,742267
0,514096045587505 1028,785997
0,505803645344666 1029,832623
0,495853799878581 1030,877802
0,48424478448038 1031,921533
0,479270724101772 1032,971054
0,467661708703571 1034,014785
0,461028478392847 1035,062859
0,451076908217893 1036,108037
0,441127062751808 1037,153216
0,429518047353607 1039,250811
0,419568201887521 1040,295989
0,409618356421436 1041,341168
0,401325956178597 1042,387794
0,389718665489265 1043,431525
0,381426265246426 1044,478151
0,371476419780341 1045,523329
0,363184019537502 1046,569955
0,358208234450025 1047,619477
0,34825838898394 1049,718519
0,336649373585739 1050,76225
0,339965988741101 1050,765145
0,326699528119653 1052,861293
0,316749682653568 1053,906471
0,310116452342845 1054,954545
0,301824052100006 1056,001171
0,29187420663392 1058,100214
0,283581806391081 1059,14684
0,276948576080358 1060,194913
0,270315345769634 1061,242987
0,258706330371433 1063,340582
0,25207310006071 1064,388656
0,240464084662509 1066,486251
0,233830854351785 1067,534325
0,2238810088857 1069,633367
0,217247778574977 1070,681441
0,210612823555384 1071,729515
0,199005532866052 1073,82711
0,189053962691098 1075,926152
0,177446672001766 1078,023747
0,172470886914289 1079,073269
0,16417848667145 1080,119895
0,154228641205365 1082,218937
0,142619625807164 1084,316532
0,13598639549644 1085,364606
0,127693995253601 1087,465096
0,117744149787516 1089,564139
0,107794304321431 1090,609318
0,0995019040785915 1092,709808
0,0912112285446217 1093,756434
0,084576273525029 1094,804508
0,0762855979910591 1096,904998
0,0679931977482201 1097,951624
0,0646765825928583 1099,002593











